
Original coordinates
Radius:  8.16443866379 	Pitch:  13.1026230505
Residual:  13.0654122341 

minimum in array
phi =  1.57166899142 	the =  1.57166899142 
Residual:  0.039479960571
Radius:  299.683393501

minimization function
phi =  0.0 	the =  -5.22561451047
Radius:  299.683393501 	Center:  [0.16873309095556266, 299.64192385466862] 
Residual:  0.039479960571
